['label', 'frame', 'conf', 'x0', 'y0', 'x1', 'y1']
['Car', 842, 0.9155554, 364, 3, 384, 22]
['Car', 154, 0.93551314, 366, 2, 387, 19]
['Car', 96, 0.92984855, 411, 121, 454, 169]
['Car', 692, 0.9237982, 365, 3, 389, 23]
['Car', 296, 0.9279531, 395, 5, 420, 27]
['Car', 348, 0.9398525, 362, 14, 386, 34]
['Car', 758, 0.9209266, 432, 3, 457, 25]
['Car', 397, 0.9388727, 356, 37, 387, 68]
['Car', 832, 0.927903, 1178, 295, 1280, 380]
['Car', 72, 0.9255979, 366, 0, 386, 17]
['Truck', 608, 0.93174505, 373, 2, 399, 19]
['Car', 349, 0.9277288, 362, 14, 386, 35]
['Car', 872, 0.91049695, 362, 13, 385, 32]
['Car', 158, 0.92875683, 366, 2, 387, 20]
['Car', 108, 0.92283934, 361, 14, 388, 37]
['Truck', 298, 0.89818263, 396, 6, 421, 29]
['Car', 603, 0.93931586, 359, 7, 395, 43]
['Van', 744, 0.9369654, 428, 0, 453, 18]
['Car', 651, 0.9356482, 395, 11, 419, 36]
['Car', 23, 0.9219446, 570, 217, 638, 304]
['Car', 545, 0.92738795, 321, 117, 397, 222]
['Car', 281, 0.93112403, 146, 317, 297, 477]
['Car', 450, 0.91613936, 381, 10, 401, 25]
['Car', 345, 0.93874633, 362, 11, 385, 32]
['Car', 420, 0.92682624, 361, 4, 393, 44]
['Car', 386, 0.9266832, 362, 1, 389, 27]
['Car', 372, 0.93035126, 403, 176, 459, 241]
['Car', 205, 0.9241108, 347, 86, 395, 141]
['Car', 70, 0.91995555, 398, 6, 420, 27]
['Car', 467, 0.9298592, 387, 17, 408, 40]
['Car', 257, 0.9142547, 444, 18, 470, 41]
['Car', 672, 0.9413906, 393, 1, 420, 20]
['Car', 49, 0.92733103, 395, 3, 419, 25]
['Car', 224, 0.9253375, 336, 118, 394, 182]
['label', 'frame', 'conf', 'x0', 'y0', 'x1', 'y1']
['Van', 1104, 0.93890506, 400, 21, 425, 46]
['Car', 1753, 0.92261434, 466, 55, 499, 83]
['Car', 966, 0.9392423, 0, 582, 61, 720]
['Car', 1644, 0.9267304, 395, 3, 415, 21]
['Van', 1549, 0.93242425, 435, 11, 458, 35]
['Van', 1154, 0.92838556, 407, 41, 436, 70]
['Car', 1665, 0.92738336, 364, 1, 388, 20]
['Van', 1726, 0.89201766, 564, 463, 718, 720]
['Car', 1230, 0.927571, 389, 18, 402, 41]
['Car', 1233, 0.9258655, 390, 19, 403, 40]
['Van', 1630, 0.93610674, 393, 17, 444, 88]
['Car', 1001, 0.9298443, 362, 14, 387, 33]
['Car', 1738, 0.9319218, 355, 13, 391, 53]
['Car', 1562, 0.92724454, 432, 4, 453, 21]
['Van', 1569, 0.9263125, 433, 4, 454, 22]
['Car', 1689, 0.9279662, 426, 0, 451, 21]
['Van', 1099, 0.9348878, 399, 16, 424, 43]
['Car', 1474, 0.9347165, 436, 9, 460, 30]
['Car', 1380, 0.94098306, 414, 87, 451, 111]
['Car', 1319, 0.92791134, 409, 62, 441, 86]
['Bus', 1419, 0.7934359, 372, 39, 402, 71]
['Car', 1618, 0.924159, 392, 14, 442, 82]
['Car', 1223, 0.8869106, 366, 7, 388, 23]
['Car', 1493, 0.93032134, 427, 2, 452, 19]
['Car', 1490, 0.91498387, 430, 3, 455, 19]
['Van', 1174, 0.9356198, 409, 48, 439, 77]
['Van', 1396, 0.8786576, 418, 108, 463, 153]
['Car', 1300, 0.92747533, 394, 63, 410, 89]
['Car', 1012, 0.89816177, 404, 7, 429, 22]
['Car', 1069, 0.92528397, 406, 27, 430, 48]
['Car', 1784, 0.91383016, 392, 0, 412, 14]
['Truck', 1785, 0.8987759, 392, 0, 412, 13]
['Motorbike', 1424, 0.8149734, 371, 43, 402, 75]
['Car', 1460, 0.93307006, 346, 144, 395, 197]
['label', 'frame', 'conf', 'x0', 'y0', 'x1', 'y1']
['Car', 1944, 0.5801515, 364, 5, 383, 24]
['Car', 2382, 0.9316905, 426, 0, 448, 18]
['Car', 2494, 0.9307966, 398, 2, 420, 20]
['Car', 2112, 0.9334378, 349, 97, 390, 129]
['Car', 2020, 0.92728055, 457, 42, 494, 76]
['Car', 2552, 0.922589, 539, 150, 595, 204]
['Car', 2071, 0.9286652, 470, 57, 509, 99]
['Car', 1940, 0.9210109, 364, 3, 383, 23]
['Car', 2173, 0.9343324, 360, 18, 385, 38]
['Van', 2012, 0.8820165, 359, 37, 386, 60]
['Car', 1844, 0.9331207, 461, 45, 490, 77]
['Car', 2607, 0.9165444, 415, 1, 431, 17]
['Car', 2651, 0.925309, 391, 0, 412, 10]
['Car', 2115, 0.93329537, 361, 0, 382, 18]
['Car', 2226, 0.9231291, 285, 91, 328, 135]
['Car', 2261, 0.921874, 392, 0, 411, 10]
['Car', 2451, 0.9354045, 411, 76, 444, 110]
['Car', 2109, 0.9310684, 350, 94, 389, 127]
['Car', 1865, 0.93405604, 363, 0, 385, 21]
['Car', 2516, 0.92901915, 401, 13, 426, 32]
['Car', 2031, 0.92816585, 403, 28, 426, 50]
['Van', 2266, 0.88289845, 363, 6, 387, 24]
['Car', 2487, 0.929994, 355, 0, 395, 47]
['Car', 2309, 0.93439794, 395, 11, 418, 31]
['Van', 2280, 0.93884784, 364, 14, 386, 32]
['Car', 2529, 0.9230535, 567, 220, 631, 290]
['Truck', 2187, 0.93257654, 342, 136, 388, 178]
['Van', 2326, 0.93937075, 427, 0, 449, 17]
['Car', 2563, 0.9321771, 548, 167, 611, 226]
['Car', 2167, 0.9220179, 345, 124, 388, 162]
['Car', 2668, 0.91914254, 393, 0, 414, 18]
['Truck', 2692, 0.67434955, 3, 244, 346, 629]
['label', 'frame', 'conf', 'x0', 'y0', 'x1', 'y1']
['Car', 3385, 0.92890435, 361, 48, 393, 76]
['Car', 3441, 0.9340144, 364, 4, 384, 24]
['Car', 3122, 0.9269122, 365, 2, 387, 19]
['Car', 3209, 0.9357177, 581, 232, 653, 307]
['Truck', 3443, 0.8670598, 364, 6, 385, 24]
['Car', 3275, 0.9280373, 356, 0, 390, 37]
['Car', 3352, 0.918054, 345, 26, 400, 101]
['Car', 3523, 0.9067701, 360, 57, 392, 87]
['Car', 2921, 0.9221339, 362, 15, 385, 34]
['Van', 2772, 0.9370056, 393, 35, 408, 60]
['Car', 3110, 0.92753583, 425, 0, 447, 17]
['Truck', 2957, 0.91116554, 394, 0, 414, 15]
['Car', 3350, 0.9237422, 346, 27, 400, 99]
['Truck', 3007, 0.9196039, 400, 19, 425, 43]
['Car', 2852, 0.9288151, 352, 17, 389, 51]
['Car', 3254, 0.9246377, 359, 1, 388, 27]
['Van', 3524, 0.9319639, 360, 58, 392, 88]
['Car', 3190, 0.92237735, 566, 197, 631, 260]
['Car', 3064, 0.9238205, 400, 29, 423, 50]
['Car', 3285, 0.9302009, 356, 0, 392, 44]
['Car', 3223, 0.91404724, 392, 0, 423, 22]
['Car', 2807, 0.920261, 389, 0, 409, 13]
['Car', 3572, 0.9255741, 346, 124, 393, 174]
['Car', 3171, 0.92648876, 402, 24, 427, 47]
['Truck', 3477, 0.92515, 426, 35, 454, 62]
['Car', 3579, 0.91789293, 340, 140, 390, 192]
['Car', 3200, 0.93415594, 505, 111, 553, 154]
['Car', 2974, 0.92384034, 395, 2, 417, 24]
['Motorbike', 2881, 0.84921813, 35, 502, 125, 637]
['Car', 3311, 0.9236895, 352, 2, 395, 61]
['label', 'frame', 'conf', 'x0', 'y0', 'x1', 'y1']
['Car', 4275, 0.9235463, 405, 201, 464, 269]
['Van', 3703, 0.93762463, 429, 1, 450, 17]
['Car', 4468, 0.9306949, 424, 0, 450, 23]
['Car', 4047, 0.93086475, 106, 161, 383, 479]
['Truck', 4461, 0.86024135, 423, 0, 448, 21]
['Truck', 4181, 0.902664, 362, 34, 389, 57]
['Car', 3678, 0.93151194, 397, 1, 419, 22]
['Bus', 4448, 0.90190464, 423, 0, 446, 17]
['Car', 4350, 0.92149353, 442, 17, 464, 38]
['Car', 3977, 0.92539483, 426, 0, 448, 16]
['Car', 3921, 0.92853725, 364, 5, 385, 23]
['Car', 4297, 0.9288785, 428, 1, 459, 24]
['Bus', 4085, 0.89237976, 401, 12, 424, 33]
['Car', 3961, 0.9265196, 392, 16, 418, 37]
['Car', 4373, 0.92233104, 396, 0, 416, 16]
['Car', 4240, 0.93562293, 393, 0, 431, 45]
['Car', 3755, 0.9223487, 405, 20, 426, 44]
['Car', 4315, 0.9293235, 440, 7, 465, 28]
['Car', 4260, 0.92668474, 396, 3, 437, 57]
['Car', 4174, 0.9256817, 421, 0, 444, 11]
['Car', 4329, 0.9262277, 446, 18, 473, 43]
['Car', 4249, 0.93954265, 407, 212, 466, 278]
['Car', 3641, 0.9322712, 407, 62, 442, 95]
['Car', 4215, 0.9195104, 391, 0, 425, 31]
['Car', 3929, 0.9383096, 361, 10, 385, 28]
['Car', 3930, 0.93147856, 342, 27, 393, 100]
['Van', 3896, 0.9213336, 275, 216, 357, 299]
['Car', 4272, 0.9222575, 396, 8, 441, 69]
['Car', 4124, 0.92844105, 427, 0, 448, 12]
['Car', 4279, 0.9357922, 432, 4, 457, 25]
['Car', 4198, 0.9120197, 391, 0, 421, 23]
['Car', 3650, 0.92097485, 394, 0, 415, 11]
['Car', 4178, 0.9258058, 421, 0, 446, 14]
['Car', 4143, 0.92467785, 358, 40, 388, 66]
['label', 'frame', 'conf', 'x0', 'y0', 'x1', 'y1']
['Car', 4832, 0.92565745, 446, 17, 472, 38]
['Truck', 5325, 0.94837713, 413, 80, 449, 118]
['Car', 4550, 0.9376623, 395, 0, 415, 14]
['Van', 5125, 0.93988395, 385, 208, 467, 304]
['Car', 5192, 0.92563564, 399, 5, 422, 24]
['Car', 4909, 0.91028285, 454, 29, 479, 52]
['Car', 4977, 0.92935324, 482, 82, 532, 124]
['Car', 5143, 0.91346914, 397, 0, 418, 18]
['Car', 4630, 0.92465204, 397, 7, 423, 32]
['Car', 5249, 0.9162367, 397, 0, 417, 17]
['Car', 4751, 0.9351282, 361, 4, 387, 29]
['Car', 4898, 0.92661333, 463, 43, 494, 66]
['Truck', 5337, 0.8851002, 364, 10, 386, 31]
['Car', 4952, 0.93046594, 446, 25, 469, 46]
['Car', 5026, 0.9142408, 449, 30, 474, 54]
['Car', 5073, 0.92559946, 409, 135, 471, 205]
['Van', 4858, 0.9247429, 393, 0, 416, 19]
['Truck', 5349, 0.93727064, 0, 458, 174, 720]
['Car', 5010, 0.9244614, 449, 29, 474, 52]
['Car', 5091, 0.92891276, 394, 0, 413, 12]
['Car', 4823, 0.9126232, 461, 44, 490, 68]
['Van', 4669, 0.915576, 393, 0, 412, 12]
['Car', 5127, 0.9235541, 384, 214, 467, 310]
['Van', 4731, 0.86746335, 363, 0, 385, 19]
['Car', 4514, 0.9228826, 431, 10, 458, 35]
['Car', 5189, 0.9237271, 421, 0, 443, 16]
['Car', 4822, 0.92520154, 461, 44, 490, 68]
['Car', 5093, 0.9294041, 464, 42, 490, 67]
['Car', 4759, 0.92552716, 433, 1, 455, 18]
['Truck', 4932, 0.8908339, 476, 74, 519, 114]
['Car', 4628, 0.9178916, 397, 8, 423, 32]
['Motorbike', 4768, 0.70503384, 434, 3, 457, 20]
['Car', 4806, 0.9302238, 462, 55, 500, 91]
['Car', 4838, 0.92449677, 393, 0, 414, 12]
['Car', 4677, 0.9362262, 393, 0, 413, 12]
['label', 'frame', 'conf', 'x0', 'y0', 'x1', 'y1']
['Car', 5984, 0.9202002, 477, 60, 502, 90]
['Car', 5638, 0.9217034, 360, 11, 385, 36]
['Car', 6067, 0.9321388, 488, 73, 518, 107]
['Car', 5443, 0.9216321, 401, 24, 428, 49]
['Car', 5509, 0.9215579, 403, 13, 423, 29]
['Car', 6273, 0.9065785, 359, 22, 387, 47]
['Van', 5871, 0.82216567, 426, 0, 450, 18]
['Car', 5839, 0.9333781, 448, 24, 472, 46]
['Car', 5708, 0.92602104, 356, 29, 385, 52]
['Car', 5718, 0.92540884, 395, 3, 429, 51]
['Car', 5583, 0.9300174, 394, 0, 419, 17]
['Car', 5513, 0.929074, 369, 1, 389, 18]
['Car', 5750, 0.9364609, 395, 6, 431, 54]
['Car', 5477, 0.92396635, 439, 12, 462, 35]
['Van', 6173, 0.92245954, 363, 9, 384, 27]
['Car', 5414, 0.94104546, 396, 0, 418, 14]
['Van', 5788, 0.9467767, 437, 6, 460, 28]
['Car', 6085, 0.93396634, 391, 0, 412, 18]
['Car', 6011, 0.9299217, 482, 65, 515, 100]
['Car', 5686, 0.92339, 394, 0, 428, 44]
['Van', 6059, 0.9030216, 392, 5, 416, 24]
['Car', 5959, 0.92781055, 437, 6, 458, 24]
['Car', 5918, 0.92931294, 462, 44, 487, 70]
['Car', 6118, 0.9172586, 392, 2, 412, 23]
['Car', 5534, 0.92978567, 406, 45, 436, 75]
['Car', 6004, 0.9226514, 376, 1, 402, 22]
['Car', 5962, 0.9300307, 438, 7, 458, 25]
['Car', 6199, 0.92911, 396, 5, 417, 23]
['Car', 6273, 0.9244579, 359, 22, 387, 47]
['Car', 6044, 0.9262103, 304, 397, 438, 584]
['Truck', 5865, 0.9282603, 906, 402, 1127, 719]
['Car', 5642, 0.91628104, 360, 12, 385, 38]
['Car', 6186, 0.9305527, 396, 10, 418, 34]
['Car', 5949, 0.9363584, 436, 5, 456, 25]
['Car', 5415, 0.92953765, 396, 0, 417, 14]
['Car', 5577, 0.92888296, 405, 36, 435, 60]
['Car', 6233, 0.92996347, 363, 12, 385, 29]
['Car', 5914, 0.9299546, 462, 44, 487, 70]
['Car', 5642, 0.9149175, 360, 12, 385, 38]
['label', 'frame', 'conf', 'x0', 'y0', 'x1', 'y1']
['Car', 6628, 0.9291637, 387, 0, 425, 38]
['Truck', 6794, 0.90176105, 451, 64, 487, 102]
['Car', 6932, 0.80682516, 590, 475, 732, 720]
['Car', 6697, 0.807652, 453, 39, 480, 58]
['Car', 6501, 0.9218278, 389, 0, 427, 40]
['Car', 6874, 0.92712045, 411, 122, 459, 177]
['Car', 6377, 0.92423743, 429, 2, 454, 25]
['Car', 6991, 0.9246601, 420, 0, 440, 11]
['Car', 7047, 0.925206, 569, 203, 638, 271]
['Van', 6756, 0.7372764, 551, 478, 690, 718]
['Car', 7126, 0.9359476, 367, 4, 390, 23]
['Car', 6600, 0.91374695, 502, 111, 550, 155]
['Car', 6399, 0.920946, 431, 5, 457, 29]
['Van', 6370, 0.85186064, 352, 72, 392, 115]
['Car', 6345, 0.92924976, 355, 56, 391, 91]
['Truck', 6333, 0.93422157, 413, 64, 447, 100]
['Car', 6586, 0.90924984, 388, 0, 426, 24]
['Car', 6851, 0.93220013, 436, 14, 460, 37]
['Van', 6495, 0.9434277, 389, 0, 426, 39]
['Car', 6448, 0.91964346, 390, 0, 421, 25]
['Car', 6544, 0.92222244, 500, 111, 551, 154]
['Van', 6382, 0.74358577, 159, 484, 367, 720]
['Truck', 6909, 0.833222, 419, 0, 438, 9]
['Car', 6426, 0.93750435, 391, 0, 418, 20]
['Car', 6499, 0.6982217, 0, 474, 174, 720]
['Van', 6963, 0.7065696, 0, 498, 225, 720]
['Car', 6460, 0.919802, 371, 263, 454, 371]
['Car', 7055, 0.92478967, 424, 17, 450, 41]
['Car', 7133, 0.9364301, 397, 1, 417, 16]
['label', 'frame', 'conf', 'x0', 'y0', 'x1', 'y1']
['Car', 7659, 0.9140493, 429, 0, 451, 18]
['Car', 7950, 0.91907257, 437, 8, 459, 27]
['Car', 7748, 0.9322851, 405, 71, 443, 114]
['Car', 7409, 0.9132733, 363, 2, 382, 19]
['Car', 8019, 0.92873055, 94, 608, 285, 720]
['Car', 7643, 0.9386688, 351, 40, 391, 85]
['Car', 7383, 0.92881024, 364, 13, 384, 31]
['Car', 7926, 0.92795825, 428, 0, 450, 15]
['Car', 7671, 0.91804034, 433, 5, 455, 24]
['Car', 7446, 0.9192562, 400, 9, 423, 30]
['Car', 7948, 0.93332213, 436, 6, 459, 26]
['Truck', 7724, 0.87073964, 361, 13, 383, 32]
['Car', 8012, 0.8550974, 388, 0, 420, 40]
['Bus', 7320, 0.82464385, 420, 16, 442, 41]
['Car', 7883, 0.9244458, 408, 42, 439, 76]
['Car', 7385, 0.9283269, 363, 16, 383, 33]
['Car', 7609, 0.92396355, 354, 14, 384, 42]
['Van', 7766, 0.6830302, 0, 451, 184, 719]
['Car', 8032, 0.92978257, 405, 36, 445, 90]
['Car', 7615, 0.92096853, 354, 19, 386, 49]
['Car', 7448, 0.9223366, 363, 0, 381, 18]
['Car', 7844, 0.8783777, 401, 17, 426, 43]
['Car', 7785, 0.9200338, 396, 0, 416, 12]
['Car', 7655, 0.9272508, 429, 0, 449, 16]
['Car', 7559, 0.912061, 326, 286, 420, 397]
['Car', 7523, 0.91009456, 363, 0, 385, 20]
['Car', 8074, 0.92292595, 393, 11, 420, 33]
['Car', 7586, 0.9223539, 397, 3, 419, 22]
['Car', 8072, 0.92378896, 393, 9, 419, 32]
['Car', 7431, 0.92615765, 362, 10, 384, 31]
['Car', 7933, 0.9341138, 394, 0, 417, 18]
['Car', 7285, 0.92133665, 391, 0, 410, 12]
['Car', 7348, 0.91270024, 790, 607, 1038, 720]
['Car', 7912, 0.921696, 424, 0, 445, 9]
['Car', 7970, 0.9238569, 432, 2, 454, 21]
['Car', 7267, 0.92564625, 363, 0, 382, 17]
['Car', 7204, 0.9242377, 360, 87, 400, 129]
['label', 'frame', 'conf', 'x0', 'y0', 'x1', 'y1']
['Car', 8809, 0.934045, 392, 1, 414, 17]
['Car', 8905, 0.93273664, 392, 0, 414, 10]
['Car', 8414, 0.9302484, 356, 77, 392, 113]
['Car', 8589, 0.9321537, 354, 2, 378, 26]
['Car', 8700, 0.9272558, 396, 9, 424, 37]
['Car', 8656, 0.93561363, 389, 9, 408, 38]
['Car', 8203, 0.9241126, 436, 7, 458, 25]
['Car', 8795, 0.92805463, 420, 0, 443, 14]
['Car', 8520, 0.93994766, 319, 161, 384, 230]
['Car', 8466, 0.9232802, 356, 61, 391, 96]
['Car', 8258, 0.93627286, 419, 0, 440, 11]
['Car', 8625, 0.9216393, 397, 1, 429, 39]
['Van', 8161, 0.43667912, 92, 462, 351, 720]
['Truck', 8518, 0.8516063, 359, 30, 384, 51]
['Car', 8666, 0.937798, 386, 19, 407, 47]
['Car', 8252, 0.93694717, 396, 6, 420, 28]
['Car', 8669, 0.928949, 393, 1, 419, 22]
['Car', 8435, 0.9261095, 360, 30, 388, 59]
['Truck', 8285, 0.5667261, 391, 0, 414, 14]
['Car', 8109, 0.9198157, 407, 45, 437, 69]
['Truck', 8883, 0.48094642, 341, 22, 356, 38]
['Van', 8338, 0.4400412, 0, 494, 180, 719]
['Truck', 8372, 0.92717314, 420, 0, 439, 11]
['Car', 8569, 0.9410506, 567, 206, 637, 284]
['Car', 8397, 0.93046445, 362, 9, 386, 27]
['Car', 8510, 0.9307259, 517, 126, 566, 177]
['Car', 8478, 0.9258135, 361, 7, 384, 24]
['Truck', 8835, 0.9356696, 364, 5, 384, 22]
['Car', 8964, 0.9249783, 442, 15, 469, 40]
['Car', 8921, 0.92065966, 394, 1, 417, 17]
['Car', 8552, 0.91354394, 360, 0, 381, 17]
['Car', 8469, 0.9286323, 424, 1, 449, 21]
['Van', 8806, 0.83073956, 0, 494, 174, 719]
['Truck', 8199, 0.89600486, 396, 4, 420, 21]
['Car', 8219, 0.9027755, 402, 22, 434, 62]
['label', 'frame', 'conf', 'x0', 'y0', 'x1', 'y1']
['Car', 9100, 0.9241687, 379, 147, 423, 204]
['Car', 9072, 0.93751776, 361, 12, 383, 31]
['Van', 9054, 0.95057255, 395, 7, 418, 31]
['Car', 9021, 0.930699, 391, 0, 411, 14]
['Van', 9174, 0.947882, 436, 12, 462, 33]
['Van', 9059, 0.95056796, 396, 11, 420, 35]
